0.2	0
0.4	0
0.6	0
0.8	0
1	0
1.2	0
1.4	0
1.6	0
1.8	26.3284
2	15.1293
2.2	13.063
2.4	10.6892
2.6	12.5788
2.8	14.68
3	12.3899
3.2	13.7724
3.4	15.0812
3.6	18.2572
3.8	17.967
4	18.396
4.2	17.1227
4.4	21.176
4.6	18.5944
4.8	18.2317
5	17.497
5.2	22.5609
5.4	20.7833
5.6	22.1997
5.8	21.7853
6	22.927
6.2	24.5383
6.4	23.3486
6.6	24.16
6.8	21.9445
7	22.9289
7.2	22.3286
7.4	22.32
7.6	22.5696
7.8	21.6
8	21.6848
8.2	22.0847
8.4	53.9077
8.6	20.9698
8.8	19.4633
9	19.1831
9.2	20.6771
9.4	18.5668
9.6	24.7181
9.8	42.6692
10	29.2176
10.2	18.4234
10.4	13.0383
10.6	14.0989
10.8	14.2448
11	17.3437
11.2	15.675
11.4	17.2634
11.6	13.8585
11.8	11.7222
12	12.9419
12.2	10.6735
12.4	11.0306
12.6	11.8707
12.8	11.1263
13	11.1109
13.2	11.0817
13.4	11.9713
13.6	10.4824
13.8	9.57328
14	12.0914
14.2	9.45198
14.4	11.6296
14.6	10.024
14.8	11.2495
15	10.2835
15.2	7.72387
15.4	11.2333
15.6	12.1177
15.8	10.8202
16	10.9249
16.2	11.2305
16.4	11.1699
16.6	9.1976
16.8	9.36715
17	8.92545
17.2	12.1322
17.4	7.78593
17.6	10.0547
17.8	9.22349
18	10.9569
18.2	9.89167
18.4	8.42169
18.6	8.63447
18.8	9.30096
19	8.7177
19.2	7.57996
19.4	9.29062
19.6	9.12401
19.8	8.6573
20	8.67371
20.2	9.37221
20.4	6.82908
20.6	6.15852
20.8	8.20602
21	5.47777
21.2	7.19991
21.4	8.43614
21.6	8.55789
21.8	8.85068
22	7.60398
22.2	9.2954
22.4	7.25646
22.6	7.8441
22.8	6.57507
23	6.11683
23.2	7.01775
23.4	5.92529
23.6	6.42466
23.8	5.82765
24	6.95146
24.2	6.03224
24.4	6.19071
24.6	5.88627
24.8	5.45546
25	5.98552
25.2	5.78148
25.4	6.79251
25.6	6.58112
25.8	6.14364
26	6.07638
26.2	7.59437
26.4	4.53727
26.6	5.91069
26.8	6.12645
27	4.45835
27.2	4.81002
27.4	5.18764
27.6	4.78423
27.8	4.58203
28	6.46361
28.2	5.05708
28.4	4.11616
28.6	4.14752
28.8	4.72975
29	4.47274
29.2	6.35541
29.4	5.00147
29.6	4.5057
29.8	6.08778
30	5.29501
30.2	5.95804
30.4	5.17574
30.6	4.64439
30.8	5.50176
31	4.51614
31.2	3.51593
31.4	4.46009
31.6	3.01836
31.8	4.18999
32	4.01904
32.2	4.32264
32.4	4.60625
32.6	4.72511
32.8	2.9342
33	5.1777
33.2	4.48142
33.4	3.87553
33.6	3.79216
33.8	3.86247
34	3.10289
34.2	5.05414
34.4	3.20201
34.6	2.82672
34.8	5.28211
35	3.55159
35.2	3.86429
35.4	3.63713
35.6	4.41026
35.8	4.14261
36	3.3965
36.2	3.73169
36.4	3.12632
36.6	3.44336
36.8	3.39715
37	2.74057
37.2	2.41402
37.4	4.15188
37.6	3.33017
37.8	2.55366
38	2.55224
38.2	3.26473
38.4	2.71351
38.6	2.91588
38.8	2.17627
39	3.43679
39.2	1.52889
39.4	2.30275
39.6	2.53951
39.8	2.56065
40	2.4103
40.2	1.92441
40.4	2.29635
40.6	3.35406
40.8	1.69848
41	2.66043
41.2	3.20905
41.4	2.4307
41.6	2.82071
41.8	2.30875
42	2.3011
42.2	1.52346
42.4	2.65288
42.6	1.99212
42.8	2.84277
43	2.61902
43.2	1.66054
43.4	1.49871
43.6	2.29039
43.8	2.32067
44	1.86655
44.2	2.54617
44.4	2.15265
44.6	1.05061
44.8	2.21287
45	2.15243
45.2	2.01738
45.4	2.33022
45.6	1.5774
45.8	2.3341
46	1.26018
46.2	1.45831
46.4	2.2454
46.6	1.80859
46.8	1.64978
47	1.46656
47.2	1.89505
47.4	1.69798
47.6	1.20419
47.8	1.57693
48	1.05349
48.2	0.675887
48.4	1.71124
48.6	1.2055
48.8	0.980147
49	0.600469
49.2	0.74597
49.4	0.606514
49.6	1.05454
49.8	1.17665
50	1.44548
50.2	1.30461
50.4	0.598469
50.6	1.48981
50.8	1.81812
51	1.04937
51.2	1.31386
51.4	1.04194
51.6	0.493369
51.8	0.961377
52	0.405636
52.2	0.780004
52.4	1.19778
52.6	1.19514
52.8	0.777853
53	1.12055
53.2	1.22726
53.4	0.376696
53.6	0.510068
53.8	0.642051
54	0.425467
54.2	0.729791
54.4	0.826154
54.6	0.240511
54.8	0.815141
55	1.09216
55.2	0.654342
55.4	0.863261
55.6	0.107419
55.8	0.669124
56	0.363572
56.2	0.37044
56.4	0.467371
56.6	0.347424
56.8	0.670706
57	0.267676
57.2	0.228454
57.4	0.450668
57.6	0.49004
57.8	0.332322
58	0.258426
58.2	0.217392
58.4	0.332304
58.6	0.423618
58.8	0
59	0
59.2	0.120244
59.4	0.101188
59.6	0
59.8	0.110991
60	0.151336
60.2	0
60.4	0
60.6	0
60.8	0
61	0
61.2	0
61.4	0
61.6	0
61.8	0
62	0
62.2	0
62.4	0
62.6	0
62.8	0
63	0
63.2	0
63.4	0
63.6	0
63.8	0
64	0
64.2	0
64.4	0
64.6	0
64.8	0
65	0
65.2	0
65.4	0
65.6	0
65.8	0
66	0
66.2	0
66.4	0
66.6	0
66.8	0
67	0
67.2	0
67.4	0
67.6	0
67.8	0
68	0
68.2	0
68.4	0
68.6	0
68.8	0
69	0
69.2	0
69.4	0
69.6	0
69.8	0
70	0
70.2	0
70.4	0
70.6	0
70.8	0
71	0
71.2	0
71.4	0
71.6	0
71.8	0
72	0
72.2	0
72.4	0
72.6	0
72.8	0
73	0
73.2	0
73.4	0
73.6	0
73.8	0
74	0
74.2	0
74.4	0
74.6	0
74.8	0
75	0
75.2	0
75.4	0
75.6	0
75.8	0
76	0
76.2	0
76.4	0
76.6	0
76.8	0
77	0
77.2	0
77.4	0
77.6	0
77.8	0
78	0
78.2	0
78.4	0
78.6	0
78.8	0
79	0
79.2	0
79.4	0
79.6	0
79.8	0
80	0
80.2	0
80.4	0
80.6	0
80.8	0
81	0
81.2	0
81.4	0
81.6	0
81.8	0
82	0
82.2	0
82.4	0
82.6	0
82.8	0
83	0
83.2	0
83.4	0
83.6	0
83.8	0
84	0
84.2	0
84.4	0
84.6	0
84.8	0
85	0
85.2	0
85.4	0
85.6	0
85.8	0
86	0
86.2	0
86.4	0
86.6	0
86.8	0
87	0
87.2	0
87.4	0
87.6	0
87.8	0
88	0
88.2	0
88.4	0
88.6	0
88.8	0
89	0
89.2	0
89.4	0
89.6	0
89.8	0
90	0
90.2	0
90.4	0
90.6	0
90.8	0
91	0
91.2	0
91.4	0
91.6	0
91.8	0
92	0
92.2	0
92.4	0
92.6	0
92.8	0
93	0
93.2	0
93.4	0
93.6	0
93.8	0
94	0
94.2	0
94.4	0
94.6	0
94.8	0
95	0
95.2	0
95.4	0
95.6	0
95.8	0
96	0
96.2	0
96.4	0
96.6	0
96.8	0
97	0
97.2	0
97.4	0
97.6	0
97.8	0
98	0
98.2	0
98.4	0
98.6	0
98.8	0
99	0
99.2	0
99.4	0
99.6	0
99.8	0
100	0
